2 0.505384 0.206587 0.197981 0.338799
2 0.896366 0.245537 0.197981 0.338799
2 0.301644 0.235017 0.193288 0.313526
2 0.476388 0.806570 0.172900 0.223048
2 0.658162 0.813959 0.172900 0.223048
2 0.833681 0.824488 0.172900 0.223048
2 0.086313 0.826591 0.172625 0.193568
2 0.300862 0.461331 0.172900 0.267263
2 0.747491 0.657116 0.172894 0.309362
2 0.916713 0.633971 0.166575 0.309387
2 0.568844 0.636071 0.172900 0.250445
2 0.280497 0.781327 0.210506 0.254643
2 0.138687 0.428690 0.152500 0.281998
2 0.705981 0.173258 0.190162 0.346516
